%YAML:1.0
---
k: !!opencv-matrix
   rows: 3
   cols: 3
   dt: d
   data: [ 6.3904342878618434e+02, 0., 3.2720631522988919e+02, 0.,
       6.3987570438579769e+02, 2.4060935118651571e+02, 0., 0., 1. ]
d: !!opencv-matrix
   rows: 1
   cols: 5
   dt: d
   data: [ 4.7748704509832297e-02, -1.3636257813276609e-01,
       1.8775691204120211e-04, 2.3664591641496401e-03, 0. ]
